2.2736 0.034702
6.8209 0.15539
4.5473 0.094467
9.0946 0.26584
13.642 0.42816
22.736 0.73509
31.831 1.0164
45.473 1.3543
59.115 1.7242
77.304 2.0048
100.04 2.1977
122.78 2.4619
145.51 2.69
172.8 2.9003
204.63 3.0956
241.01 3.0898
277.38 3.354
318.31 3.6488

Survivor 0, error: 0.304683
2.2736, 0.034702, 0.0403544
6.8209, 0.15539, 0.158851
4.5473, 0.094467, 0.0955872
9.0946, 0.26584, 0.227563
13.642, 0.42816, 0.375293
22.736, 0.73509, 0.686815
31.831, 1.0164, 0.991834
45.473, 1.3543, 1.40138
59.115, 1.7242, 1.73836
77.304, 2.0048, 2.08228
100.04, 2.1977, 2.3843
122.78, 2.4619, 2.59416
145.51, 2.69, 2.74799
172.8, 2.9003, 2.88797
204.63, 3.0956, 3.01363
241.01, 3.0898, 3.12655
277.38, 3.354, 3.21807
318.31, 3.6488, 3.30349
1e-07, 
431271, 
4.92685e+25, 
1e-08, 
4, 
7e-09, 
2e-07, 
6e-06, 
4.80451e-08, 
2.27235e-06, 
0.075851, 
0.151373, 
130749, 
1.75013, 
1.85526e-12, 
3.42364e+25, 
Survivor 0, error: 0.304683
2.2736, 0.034702, 0.0403544
6.8209, 0.15539, 0.158851
4.5473, 0.094467, 0.0955872
9.0946, 0.26584, 0.227563
13.642, 0.42816, 0.375293
22.736, 0.73509, 0.686815
31.831, 1.0164, 0.991834
45.473, 1.3543, 1.40138
59.115, 1.7242, 1.73836
77.304, 2.0048, 2.08228
100.04, 2.1977, 2.3843
122.78, 2.4619, 2.59416
145.51, 2.69, 2.74799
172.8, 2.9003, 2.88797
204.63, 3.0956, 3.01363
241.01, 3.0898, 3.12655
277.38, 3.354, 3.21807
318.31, 3.6488, 3.30349
1e-07, 
431271, 
4.92685e+25, 
1e-08, 
4, 
7e-09, 
2e-07, 
6e-06, 
4.80451e-08, 
2.27235e-06, 
0.075851, 
0.151373, 
130749, 
1.75013, 
1.85526e-12, 
3.42364e+25, 
